 62  62  62  62  43   1   1   1   1   1   1   1   1   3  56  62
 62  62  61  44   1   1   1   1   1   1   1   1   5  53  62  62
 62  61  44   1   1   1   1   1   1   1   1   8  51  62  62  62
 62  44   1   1   1   1   1   1   1   1  10  49  62  62  62  62
 43   1   1   1   1   1   1   1   1  11  47  62  62  62  62  62
  1   1   1   1   1   1   1   1  12  46  62  62  62  62  62  62
  1   1   1   1   1   1   1  13  45  62  62  62  62  62  62  62
  1   1   1   1   1   1  13  45  62  62  62  62  62  62  62  62
  1   1   1   1   1  12  45  62  62  62  62  62  62  62  62  31
  1   1   1   1  11  46  62  62  62  62  62  62  62  62  29   2
  1   1   1  10  47  62  62  62  62  62  62  62  62  28   3   1
  1   1   8  49  62  62  62  62  62  62  62  62  28   4   1   1
  1   5  51  62  62  62  62  62  62  62  62  28   4   1   1   1
  3  53  62  62  62  62  62  62  62  62  28   4   1   1   1   1
 56  62  62  62  62  62  62  62  62  29   3   1   1   1   1   1
 62  62  62  62  62  62  62  62  31   2   1   1   1   1   1   1
199 199 199 198 139   1   1   1   1   1   1   1   1   6 181 199
199 199 196 141   1   1   1   1   1   1   1   1  15 171 199 199
199 196 142   1   1   1   1   1   1   1   1  23 162 199 199 199
198 141   1   1   1   1   1   1   1   1  29 155 199 199 199 199
139   1   1   1   1   1   1   1   1  34 150 199 199 199 199 199
  1   1   1   1   1   1   1   1  37 146 199 199 199 199 199 199
  1   1   1   1   1   1   1  39 144 199 199 199 199 199 199 199
  1   1   1   1   1   1  39 143 199 199 199 199 199 199 199 199
  1   1   1   1   1  37 144 199 199 199 199 199 199 199 199  97
  1   1   1   1  34 146 199 199 199 199 199 199 199 199  92   4
  1   1   1  29 150 199 199 199 199 199 199 199 199  89   7   1
  1   1  23 155 199 199 199 199 199 199 199 199  88  10   1   1
  1  15 162 199 199 199 199 199 199 199 199  88  10   1   1   1
  6 171 199 199 199 199 199 199 199 199  90  10   1   1   1   1
181 199 199 199 199 199 199 199 199  92   7   1   1   1   1   1
199 199 199 199 199 199 199 199 100   5   1   1   1   1   1   1
233 233 233 231 162   1   1   1   1   1   1   1   1   7 212 233
233 233 230 165   1   1   1   1   1   1   1   1  18 200 233 233
233 230 166   1   1   1   1   1   1   1   1  27 190 233 233 233
231 165   1   1   1   1   1   1   1   1  34 182 233 233 233 233
162   1   1   1   1   1   1   1   1  40 176 233 233 233 233 233
  1   1   1   1   1   1   1   1  43 171 233 233 233 233 233 233
  1   1   1   1   1   1   1  45 168 233 233 233 233 233 233 233
  1   1   1   1   1   1  45 167 233 233 233 233 233 233 233 233
  1   1   1   1   1  43 168 233 233 233 233 233 233 233 233 114
  1   1   1   1  40 171 233 233 233 233 233 233 233 233 108   4
  1   1   1  34 176 233 233 233 233 233 233 233 233 105   8   1
  1   1  27 182 233 233 233 233 233 233 233 233 103  11   1   1
  1  18 190 233 233 233 233 233 233 233 233 103  12   1   1   1
  7 200 233 233 233 233 233 233 233 233 106  12   1   1   1   1
212 233 233 233 233 233 233 233 233 108   9   1   1   1   1   1
233 233 233 233 233 233 233 233 117   7   1   1   1   1   1   1

 62  62  62  62  62  62  62  62  47  15   1   1   1   1   1   1
 55  62  62  62  62  62  62  62  62  45  14   2   1   1   1   1
 17  53  62  62  62  62  62  62  62  62  44  14   2   1   1   1
  1  17  51  62  62  62  62  62  62  62  62  44  14   2   1   1
  1   2  17  50  62  62  62  62  62  62  62  62  44  14   2   1
  1   1   2  18  49  62  62  62  62  62  62  62  62  44  14   1
  1   1   1   3  17  47  62  62  62  62  62  62  62  62  45  15
  1   1   1   1   2  17  47  62  62  62  62  62  62  62  62  47
  1   1   1   1   1   2  16  46  62  62  62  62  62  62  62  62
  1   1   1   1   1   1   2  16  47  62  62  62  62  62  62  62
  4   1   1   1   1   1   1   2  17  47  62  62  62  62  62  62
 40   4   1   1   1   1   1   1   2  17  49  62  62  62  62  62
 60  40   4   1   1   1   1   1   1   3  18  50  62  62  62  62
 62  59  40   4   1   1   1   1   1   1   2  17  51  62  62  62
 62  62  59  40   4   1   1   1   1   1   1   2  17  53  62  62
 62  62  62  60  40   4   1   1   1   1   1   1   1  17  55  62
199 199 199 199 199 199 199 199 149  46   2   1   1   1   1   1
179 198 199 199 199 199 199 199 199 146  45   4   1   1   1   1
 52 172 198 199 199 199 199 199 199 199 143  45   5   1   1   1
  2  54 167 198 199 199 199 199 199 199 199 142  45   5   1   1
  1   4  56 162 198 199 199 199 199 199 199 199 142  45   4   1
  1   1   6  56 158 198 199 199 199 199 199 199 199 143  45   2
  1   1   1   6  56 154 199 199 199 199 199 199 199 199 146  46
  1   1   1   1   7  54 151 199 199 199 199 199 199 199 199 149
  1   1   1   1   1   6  51 149 199 199 199 199 199 199 199 199
  1   1   1   1   1   1   4  52 152 199 199 199 199 199 199 199
 12   1   1   1   1   1   1   6  55 154 198 199 199 199 199 199
129  13   1   1   1   1   1   1   7  56 158 198 199 199 199 199
193 130  13   1   1   1   1   1   1   6  56 162 198 199 199 199
199 191 130  13   1   1   1   1   1   1   6  56 167 198 199 199
199 199 191 130  13   1   1   1   1   1   1   4  54 172 198 199
199 199 199 193 129  12   1   1   1   1   1   1   2  52 179 199
233 233 233 233 233 233 233 233 175  54   3   1   1   1   1   1
210 232 233 233 233 233 233 233 233 171  53   5   1   1   1   1
 60 202 232 233 233 233 233 233 233 233 168  52   5   1   1   1
  3  63 196 232 233 233 233 233 233 233 233 166  52   5   1   1
  1   5  65 190 232 233 233 233 233 233 233 233 166  52   5   1
  1   1   7  65 185 232 233 233 233 233 233 233 233 168  53   3
  1   1   1   7  65 180 232 233 233 233 233 233 233 233 171  54
  1   1   1   1   7  63 176 232 233 233 233 233 233 233 233 175
  1   1   1   1   1   6  59 174 233 233 233 233 233 233 233 233
  1   1   1   1   1   1   5  60 177 232 233 233 233 233 233 233
 14   1   1   1   1   1   1   6  63 180 232 233 233 233 233 233
151  15   1   1   1   1   1   1   7  65 185 232 233 233 233 233
226 152  16   1   1   1   1   1   1   7  65 190 232 233 233 233
233 224 152  16   1   1   1   1   1   1   7  65 196 232 233 233
233 233 224 152  15   1   1   1   1   1   1   5  63 202 232 233
233 233 233 226 151  14   1   1   1   1   1   1   3  60 210 233

  1   1   1   1   1   1  15  47  62  62  62  62  62  62  62  62
  1   1   1   1   2  14  45  62  62  62  62  62  62  62  62  55
  1   1   1   2  14  44  62  62  62  62  62  62  62  62  53  17
  1   1   2  14  44  62  62  62  62  62  62  62  62  51  17   1
  1   2  14  44  62  62  62  62  62  62  62  62  50  17   2   1
  1  14  44  62  62  62  62  62  62  62  62  49  18   2   1   1
 15  45  62  62  62  62  62  62  62  62  47  17   3   1   1   1
 47  62  62  62  62  62  62  62  62  47  17   2   1   1   1   1
 62  62  62  62  62  62  62  62  46  16   2   1   1   1   1   1
 62  62  62  62  62  62  62  47  16   2   1   1   1   1   1   1
 62  62  62  62  62  62  47  17   2   1   1   1   1   1   1   4
 62  62  62  62  62  49  17   2   1   1   1   1   1   1   4  40
 62  62  62  62  50  18   3   1   1   1   1   1   1   4  40  60
 62  62  62  51  17   2   1   1   1   1   1   1   4  40  59  62
 62  62  53  17   2   1   1   1   1   1   1   4  40  59  62  62
 62  55  17   1   1   1   1   1   1   1   4  40  60  62  62  62
  1   1   1   1   1   2  46 149 199 199 199 199 199 199 199 199
  1   1   1   1   4  45 146 199 199 199 199 199 199 199 198 179
  1   1   1   5  45 143 199 199 199 199 199 199 199 198 172  52
  1   1   5  45 142 199 199 199 199 199 199 199 198 167  54   2
  1   4  45 142 199 199 199 199 199 199 199 198 162  56   4   1
  2  45 143 199 199 199 199 199 199 199 198 158  56   6   1   1
 46 146 199 199 199 199 199 199 199 199 154  56   6   1   1   1
149 199 199 199 199 199 199 199 199 152  55   7   1   1   1   1
199 199 199 199 199 199 199 199 149  52   6   1   1   1   1   1
199 199 199 199 199 199 199 151  51   4   1   1   1   1   1   1
199 199 199 199 199 198 154  54   6   1   1   1   1   1   1  12
199 199 199 199 198 158  56   7   1   1   1   1   1   1  13 129
199 199 199 198 162  56   6   1   1   1   1   1   1  13 130 193
199 199 198 167  56   6   1   1   1   1   1   1  13 130 191 199
199 198 172  54   4   1   1   1   1   1   1  13 130 191 199 199
199 179  52   2   1   1   1   1   1   1  12 129 193 199 199 199
  1   1   1   1   1   3  54 175 233 233 233 233 233 233 233 233
  1   1   1   1   5  53 171 233 233 233 233 233 233 233 232 210
  1   1   1   5  52 168 233 233 233 233 233 233 233 232 202  60
  1   1   5  52 166 233 233 233 233 233 233 233 232 196  63   3
  1   5  52 166 233 233 233 233 233 233 233 232 190  65   5   1
  3  53 168 233 233 233 233 233 233 233 232 185  65   7   1   1
 54 171 233 233 233 233 233 233 233 232 180  65   7   1   1   1
175 233 233 233 233 233 233 233 233 177  63   7   1   1   1   1
233 233 233 233 233 233 233 232 174  60   6   1   1   1   1   1
233 233 233 233 233 233 232 176  59   5   1   1   1   1   1   1
233 233 233 233 233 232 180  63   6   1   1   1   1   1   1  14
233 233 233 233 232 185  65   7   1   1   1   1   1   1  15 151
233 233 233 232 190  65   7   1   1   1   1   1   1  16 152 226
233 233 232 196  65   7   1   1   1   1   1   1  16 152 224 233
233 232 202  63   5   1   1   1   1   1   1  15 152 224 233 233
233 210  60   3   1   1   1   1   1   1  14 151 226 233 233 233

 62  55  17   1   1   1   1   1   1   1   4  40  60  62  62  62
 62  62  53  17   2   1   1   1   1   1   1   4  40  59  62  62
 62  62  62  51  17   2   1   1   1   1   1   1   4  40  59  62
 62  62  62  62  50  18   3   1   1   1   1   1   1   4  40  60
 62  62  62  62  62  49  17   2   1   1   1   1   1   1   4  40
 62  62  62  62  62  62  47  17   2   1   1   1   1   1   1   4
 62  62  62  62  62  62  62  47  16   2   1   1   1   1   1   1
 62  62  62  62  62  62  62  62  46  16   2   1   1   1   1   1
 47  62  62  62  62  62  62  62  62  47  17   2   1   1   1   1
 15  45  62  62  62  62  62  62  62  62  47  17   3   1   1   1
  1  14  44  62  62  62  62  62  62  62  62  49  18   2   1   1
  1   2  14  44  62  62  62  62  62  62  62  62  50  17   2   1
  1   1   2  14  44  62  62  62  62  62  62  62  62  51  17   1
  1   1   1   2  14  44  62  62  62  62  62  62  62  62  53  17
  1   1   1   1   2  14  45  62  62  62  62  62  62  62  62  55
  1   1   1   1   1   1  15  47  62  62  62  62  62  62  62  62
199 179  52   2   1   1   1   1   1   1  12 129 193 199 199 199
199 198 172  54   4   1   1   1   1   1   1  13 130 191 199 199
199 199 198 167  56   6   1   1   1   1   1   1  13 130 191 199
199 199 199 198 162  56   6   1   1   1   1   1   1  13 130 193
199 199 199 199 198 158  56   7   1   1   1   1   1   1  13 129
199 199 199 199 199 198 154  55   6   1   1   1   1   1   1  12
199 199 199 199 199 199 199 152  52   4   1   1   1   1   1   1
199 199 199 199 199 199 199 199 149  51   6   1   1   1   1   1
149 199 199 199 199 199 199 199 199 151  54   7   1   1   1   1
 46 146 199 199 199 199 199 199 199 199 154  56   6   1   1   1
  2  45 143 199 199 199 199 199 199 199 198 158  56   6   1   1
  1   4  45 142 199 199 199 199 199 199 199 198 162  56   4   1
  1   1   5  45 142 199 199 199 199 199 199 199 198 167  54   2
  1   1   1   5  45 143 199 199 199 199 199 199 199 198 172  52
  1   1   1   1   4  45 146 199 199 199 199 199 199 199 198 179
  1   1   1   1   1   2  46 149 199 199 199 199 199 199 199 199
233 210  60   3   1   1   1   1   1   1  14 151 226 233 233 233
233 232 202  63   5   1   1   1   1   1   1  15 152 224 233 233
233 233 232 196  65   7   1   1   1   1   1   1  16 152 224 233
233 233 233 232 190  65   7   1   1   1   1   1   1  16 152 226
233 233 233 233 232 185  65   7   1   1   1   1   1   1  15 151
233 233 233 233 233 232 180  63   6   1   1   1   1   1   1  14
233 233 233 233 233 233 232 177  60   5   1   1   1   1   1   1
233 233 233 233 233 233 233 233 174  59   6   1   1   1   1   1
175 233 233 233 233 233 233 233 232 176  63   7   1   1   1   1
 54 171 233 233 233 233 233 233 233 232 180  65   7   1   1   1
  3  53 168 233 233 233 233 233 233 233 232 185  65   7   1   1
  1   5  52 166 233 233 233 233 233 233 233 232 190  65   5   1
  1   1   5  52 166 233 233 233 233 233 233 233 232 196  63   3
  1   1   1   5  52 168 233 233 233 233 233 233 233 232 202  60
  1   1   1   1   5  53 171 233 233 233 233 233 233 233 232 210
  1   1   1   1   1   3  54 175 233 233 233 233 233 233 233 233
